1.4857008739078292 0.7059976130674828 2.180143756916344 4.483405122483667 
0.7490694726274411 0.46135967178125015 2.578438887450511 2.1405581924761936 
4.094475239792735 2.9281386403421967 2.2351200881347637 3.47632352928301 
2.8478632771612116 1.5904937153029959 1.9909124684133805 2.450300315401626 
1.8431438012303376 1.147876025557049 1.2085273132342367 3.7413511988628056 

4.483405122483667 2.578438887450511 4.094475239792735 2.8478632771612116 3.7413511988628056 

0.3313777883817015 0.15746906509228906 0.48626963153144903 1.0 
0.29051278906520844 0.17892984550718974 1.0 0.8301760429128178 
1.0 0.7151438142511325 0.5458868248640104 0.8490278547780359 
1.0 0.5584866830013067 0.6990899051860203 0.8603995616826515 
0.4926412152354386 0.3068078789037365 0.32301894395842123 1.0 

